== new sources: accuracy of none (%), difference to none (points) per stream
none acc: {'gas': 88.96, 'occupancy': 95.96, 'room': 95.66, 'bank': 89.93, 'kdd': 98.94}
stream        gas  occupancy  room  bank   kdd
pol                                           
ddmM        -7.36      -1.59 -2.95 -0.02 -0.30
ddm         -7.36      -1.59 -2.95 -0.02 -0.29
ddm+half    -2.97      -0.31  0.36 -0.01 -0.02
ddm+hedge   -2.00      -0.65 -1.94 -0.03 -0.05
eddm        -6.05      -1.21 -2.23 -0.21 -0.21
eddm+half   -2.50      -0.19  0.34 -0.06  0.00
eddm+hedge  -0.87      -0.43 -1.46  0.05  0.02
fhddm       -7.09      -2.68 -2.22 -0.05 -0.30
fhddm+half  -1.93      -0.25  0.04 -0.01 -0.03
fhddm+hedge -0.93      -1.58 -1.34  0.01 -0.22
hddma       -6.27      -1.14 -2.95  0.01 -0.15
hddma+half  -2.98      -0.00  0.36 -0.02  0.00
hddma+hedge -2.07      -0.48 -1.94  0.03  0.02
hddmw       -5.00      -0.95 -2.71 -0.06 -0.16
hddmw+half  -2.42       0.04  0.35 -0.02  0.00
hddmw+hedge -1.14      -0.44 -1.47  0.00  0.02
adwin       -5.62      -1.63 -2.23  0.10 -0.17
adwin+half  -3.03      -0.21  0.34  0.03  0.00
adwin+hedge -1.62      -0.98 -1.46  0.07  0.02
ph          -6.44      -1.02 -2.37 -0.03  0.03
ph+half     -0.82       0.10  0.36 -0.00  0.04
ph+hedge    -1.12      -0.45 -0.36  0.01  0.05
kswin       -7.35      -1.50 -2.32 -0.00 -0.19
kswin+half  -2.19      -0.17  0.35 -0.00  0.01
kswin+hedge -1.80      -0.70 -1.46  0.03  0.02

resets per stream (full reset):
stream  gas  occupancy  room  bank  kdd
pol                                    
ddm      53         34    17     8   58
eddm     38         18    11    64   23
fhddm    27         17     5     5   18
hddma    44         27    17     5   34
hddmw    37         20    15     9   26
adwin    39         22    11     9   32
ph       20         12     8    11   11
kswin    40         24    13     5   25

per-reset effect on new sources: 912 resets, loss 45.9%, win 14.5%, mean -14.25 point-batches
stream
gas          63.1
occupancy    46.6
room         47.4
bank         25.9
kdd          32.6

== new5: source-weighted mean of d (points), 95% source bootstrap, Wilcoxon over sources, Holm over 8
             sources  mean  median  pos  neg  ci_lo  ci_hi       p  p_holm
pol                                                                       
ddm                5 -2.44   -1.59    0    5  -5.01  -0.44  0.0625   0.500
eddm               5 -1.98   -1.21    0    5  -4.12  -0.41  0.0625   0.500
fhddm              5 -2.47   -2.22    0    5  -4.85  -0.58  0.0625   0.500
hddma              5 -2.10   -1.14    1    4  -4.35  -0.29  0.1250   0.500
hddmw              5 -1.78   -0.95    0    5  -3.57  -0.28  0.0625   0.500
adwin              5 -1.91   -1.63    1    4  -3.85  -0.37  0.1250   0.500
ph                 5 -1.97   -1.02    1    4  -4.33  -0.20  0.1875   0.500
kswin              5 -2.27   -1.50    0    5  -4.91  -0.37  0.0625   0.500
ddm+half           5 -0.59   -0.02    1    4  -1.79   0.15  0.4375   1.000
eddm+half          5 -0.48   -0.06    2    3  -1.54   0.15  0.6250   1.000
fhddm+half         5 -0.44   -0.03    1    4  -1.20   0.00  0.3125   1.000
hddma+half         5 -0.53   -0.00    2    3  -1.79   0.21  0.6250   1.000
hddmw+half         5 -0.41    0.00    3    2  -1.44   0.21  1.0000   1.000
adwin+half         5 -0.57    0.00    3    2  -1.82   0.16  1.0000   1.000
ph+half            5 -0.06    0.04    3    2  -0.46   0.22  0.8125   1.000
kswin+half         5 -0.40   -0.00    2    3  -1.31   0.18  0.8125   1.000
ddm+hedge          5 -0.93   -0.65    0    5  -1.71  -0.16  0.0625   0.500
eddm+hedge         5 -0.54   -0.43    2    3  -1.05  -0.06  0.3125   1.000
fhddm+hedge        5 -0.81   -0.93    1    4  -1.35  -0.27  0.1250   0.875
hddma+hedge        5 -0.89   -0.48    2    3  -1.70  -0.08  0.3125   1.000
hddmw+hedge        5 -0.60   -0.44    1    3  -1.13  -0.08  0.2500   1.000
adwin+hedge        5 -0.79   -0.98    2    3  -1.43  -0.17  0.3125   1.000
ph+hedge           5 -0.37   -0.36    2    3  -0.76  -0.05  0.3125   1.000
kswin+hedge        5 -0.78   -0.70    2    3  -1.45  -0.12  0.3125   1.000

== real14: source-weighted mean of d (points), 95% source bootstrap, Wilcoxon over sources, Holm over 8
             sources  mean  median  pos  neg  ci_lo  ci_hi       p  p_holm
pol                                                                       
ddm               14 -1.67   -0.33    2   10  -3.27  -0.39  0.0281  0.0954
eddm              14 -3.38   -1.61    2   12  -6.36  -1.06  0.0023  0.0186
fhddm             14 -3.32   -0.77    2   11  -6.94  -0.78  0.0088  0.0614
hddma             14 -3.67   -0.58    3    9  -8.23  -0.56  0.0229  0.0954
hddmw             14 -3.42   -0.83    2   11  -7.61  -0.65  0.0159  0.0954
adwin             14 -3.61   -0.38    3    9  -8.52  -0.52  0.0342  0.0954
ph                14 -3.01   -0.58    3   10  -7.01  -0.39  0.0277  0.0954
kswin             14 -3.26   -0.80    2   10  -7.31  -0.55  0.0186  0.0954
ddm+half          14 -0.40   -0.02    3    9  -1.00   0.03  0.1823  1.0000
eddm+half         14 -0.37   -0.09    4   10  -0.82  -0.02  0.0906  0.7246
fhddm+half        14 -0.24   -0.05    4    9  -0.58   0.02  0.2213  1.0000
hddma+half        14 -0.69   -0.01    4    8  -1.52  -0.01  0.1579  1.0000
hddmw+half        14 -0.27   -0.00    6    7  -0.69   0.04  0.5067  1.0000
adwin+half        14 -0.44    0.00    6    6  -1.02   0.04  0.5829  1.0000
ph+half           14 -0.15   -0.00    6    7  -0.44   0.09  0.7007  1.0000
kswin+half        14 -0.29   -0.00    5    7  -0.70   0.05  0.4802  1.0000
ddm+hedge         14 -0.35   -0.08    2   10  -0.80   0.08  0.0844  0.6750
eddm+hedge        14 -0.14   -0.08    6    8  -0.54   0.35  0.2958  1.0000
fhddm+hedge       14 -0.22   -0.15    4    9  -0.61   0.18  0.1330  0.9307
hddma+hedge       14 -0.30   -0.05    4    8  -0.79   0.17  0.1823  1.0000
hddmw+hedge       14 -0.14   -0.15    5    7  -0.50   0.27  0.3465  1.0000
adwin+hedge       14 -0.21   -0.01    4    8  -0.61   0.20  0.3078  1.0000
ph+hedge          14 -0.03   -0.03    4    9  -0.30   0.27  0.3109  1.0000
kswin+hedge       14 -0.21   -0.08    5    7  -0.63   0.24  0.2721  1.0000
