== new sources: accuracy of none (%), difference to none (points) per stream
none acc: {'gas': 88.96, 'occupancy': 95.96, 'room': 95.66, 'bank': 89.93, 'kdd': 98.94, 'eeg': 81.8, 'news': 66.0, 'home': 96.95, 'wall': 93.25, 'chest': 97.0}
stream        gas  occupancy  room  bank   kdd   eeg  news  home   wall  chest
pol                                                                           
ddmM        -7.36      -1.59 -2.95 -0.02 -0.30  7.30  0.00  1.48  -3.11   2.03
ddm         -7.36      -1.59 -2.95 -0.02 -0.29  7.39  0.00  1.48  -3.11   2.03
ddm+half    -2.97      -0.31  0.36 -0.01 -0.02  0.60  0.00  0.63  -3.13   0.69
ddm+hedge   -2.00      -0.65 -1.94 -0.03 -0.05  6.80  0.00  1.17  -1.81   1.78
eddm        -6.05      -1.21 -2.23 -0.21 -0.21  6.67 -0.63  1.38 -32.68   2.12
eddm+half   -2.50      -0.19  0.34 -0.06  0.00  0.71 -0.15  0.53  -5.74   0.76
eddm+hedge  -0.87      -0.43 -1.46  0.05  0.02  6.32  0.02  1.21  -1.26   2.01
fhddm       -7.09      -2.68 -2.22 -0.05 -0.30  3.26 -0.57  0.88  -2.21   0.74
fhddm+half  -1.93      -0.25  0.04 -0.01 -0.03  0.20 -0.14  0.37  -0.06   0.37
fhddm+hedge -0.93      -1.58 -1.34  0.01 -0.22  4.33 -0.10  0.88  -0.19   0.74
hddma       -6.27      -1.14 -2.95  0.01 -0.15  7.05 -0.12  1.51 -33.77   2.02
hddma+half  -2.98      -0.00  0.36 -0.02  0.00  0.57 -0.01  0.64  -7.85   0.62
hddma+hedge -2.07      -0.48 -1.94  0.03  0.02  6.53 -0.10  1.29  -1.49   1.75
hddmw       -5.00      -0.95 -2.71 -0.06 -0.16  6.53 -1.27  1.49 -24.13   2.07
hddmw+half  -2.42       0.04  0.35 -0.02  0.00  0.67 -0.20  0.61  -4.02   0.62
hddmw+hedge -1.14      -0.44 -1.47  0.00  0.02  6.04 -0.21  1.28  -1.25   1.78
adwin       -5.62      -1.63 -2.23  0.10 -0.17  6.50 -0.16  1.49 -20.40   2.08
adwin+half  -3.03      -0.21  0.34  0.03  0.00  0.55 -0.02  0.56  -4.75   0.70
adwin+hedge -1.62      -0.98 -1.46  0.07  0.02  5.83 -0.00  1.28  -0.43   1.96
ph          -6.44      -1.02 -2.37 -0.03  0.03  6.65 -0.38  1.26 -13.30   2.09
ph+half     -0.82       0.10  0.36 -0.00  0.04  0.09 -0.03  0.57  -3.13   0.63
ph+hedge    -1.12      -0.45 -0.36  0.01  0.05  6.26 -0.03  1.11  -0.09   1.99
kswin       -7.35      -1.50 -2.32 -0.00 -0.19  6.53 -0.61  1.43 -20.87   2.06
kswin+half  -2.19      -0.17  0.35 -0.00  0.01  0.57 -0.07  0.61  -3.60   0.70
kswin+hedge -1.80      -0.70 -1.46  0.03  0.02  5.73  0.01  1.12  -0.34   1.94

resets per stream (full reset):
stream  gas  occupancy  room  bank  kdd  eeg  news  home  wall  chest
pol                                                                  
ddm      53         34    17     8   58   33     0    33     2      9
eddm     38         18    11    64   23   26    50    23    36     10
fhddm    27         17     5     5   18   18    20    20     3      8
hddma    44         27    17     5   34   32     2    27    42     12
hddmw    37         20    15     9   26   26    31    25    20     12
adwin    39         22    11     9   32   28     4    26    15     12
ph       20         12     8    11   11   19     9    19     9     10
kswin    40         24    13     5   25   29    14    25    19     12

per-reset effect on new sources: 1682 resets, loss 43.5%, win 30.1%, mean 6.61 point-batches
stream
gas          63.1
occupancy    46.6
room         47.4
bank         25.9
kdd          32.6
eeg          22.3
news         83.8
home          7.6
wall         97.3
chest         0.0

== new10: source-weighted mean of d (points), 95% source bootstrap, Wilcoxon over sources, Holm over 8
             sources  mean  median  pos  neg  ci_lo  ci_hi       p  p_holm
pol                                                                       
ddm               10 -0.44   -0.15    3    6  -2.63   1.82  0.5703     1.0
eddm              10 -3.30   -0.42    3    7 -10.52   1.48  0.4922     1.0
fhddm             10 -1.02   -0.44    3    7  -2.77   0.48  0.3750     1.0
hddma             10 -3.38   -0.14    4    6 -10.82   1.56  0.5566     1.0
hddmw             10 -2.42   -0.56    3    7  -7.94   1.45  0.4922     1.0
adwin             10 -2.00   -0.16    4    6  -6.68   1.50  0.4922     1.0
ph                10 -1.35   -0.20    4    6  -4.75   1.51  0.6250     1.0
kswin             10 -2.28   -0.40    3    7  -7.09   1.42  0.3750     1.0
ddm+half          10 -0.42   -0.00    4    5  -1.35   0.32  1.0000     1.0
eddm+half         10 -0.63   -0.03    5    5  -1.99   0.34  1.0000     1.0
fhddm+half        10 -0.14   -0.02    4    6  -0.59   0.15  0.8984     1.0
hddma+half        10 -0.87   -0.00    5    5  -2.62   0.34  1.0000     1.0
hddmw+half        10 -0.44    0.02    6    4  -1.43   0.34  0.8457     1.0
adwin+half        10 -0.58    0.02    6    4  -1.74   0.32  0.8457     1.0
ph+half           10 -0.22    0.07    6    4  -0.95   0.28  0.6250     1.0
kswin+half        10 -0.38    0.00    5    5  -1.29   0.32  1.0000     1.0
ddm+hedge         10  0.33   -0.04    3    6  -0.96   1.99  0.6523     1.0
eddm+hedge        10  0.56    0.02    6    4  -0.55   2.06  0.7695     1.0
fhddm+hedge       10  0.16   -0.14    4    6  -0.69   1.27  0.6250     1.0
hddma+hedge       10  0.36   -0.04    5    5  -0.91   1.98  0.8457     1.0
hddmw+hedge       10  0.46   -0.11    4    5  -0.62   1.91  0.9102     1.0
adwin+hedge       10  0.47    0.01    5    5  -0.65   1.91  0.8457     1.0
ph+hedge          10  0.74   -0.01    5    5  -0.27   2.14  0.8457     1.0
kswin+hedge       10  0.46    0.01    6    4  -0.64   1.90  0.7695     1.0

== real19: source-weighted mean of d (points), 95% source bootstrap, Wilcoxon over sources, Holm over 8
             sources  mean  median  pos  neg  ci_lo  ci_hi       p  p_holm
pol                                                                       
ddm               19 -0.82   -0.06    5   11  -2.31   0.64  0.2146  0.6196
eddm              19 -3.71   -0.63    5   14  -7.81  -0.41  0.0446  0.3565
fhddm             19 -2.33   -0.47    5   13  -5.19  -0.31  0.0526  0.3684
hddma             19 -3.93   -0.14    6   11  -8.83  -0.11  0.1488  0.6196
hddmw             19 -3.33   -0.70    5   13  -7.33  -0.10  0.0936  0.5616
adwin             19 -3.21   -0.16    6   11  -7.55   0.09  0.1773  0.6196
ph                19 -2.41   -0.43    6   12  -5.88   0.18  0.1841  0.6196
kswin             19 -3.00   -0.61    5   12  -6.68   0.01  0.1239  0.6196
ddm+half          19 -0.36   -0.01    6   10  -0.91   0.10  0.6051  1.0000
eddm+half         19 -0.48   -0.08    7   12  -1.20   0.07  0.3124  1.0000
fhddm+half        19 -0.13   -0.03    7   11  -0.40   0.07  0.7112  1.0000
hddma+half        19 -0.82   -0.00    7   10  -1.89  -0.01  0.4348  1.0000
hddmw+half        19 -0.32    0.00    9    9  -0.89   0.11  0.7112  1.0000
adwin+half        19 -0.48    0.00    9    8  -1.15   0.08  0.8684  1.0000
ph+half           19 -0.21    0.00    9    9  -0.64   0.11  0.9479  1.0000
kswin+half        19 -0.31    0.00    8    9  -0.82   0.11  0.7583  1.0000
ddm+hedge         19  0.16   -0.03    5   11  -0.55   1.10  0.5014  1.0000
eddm+hedge        19  0.34    0.02   10    9  -0.31   1.19  1.0000  1.0000
fhddm+hedge       19  0.13   -0.10    7   11  -0.34   0.74  0.5862  1.0000
hddma+hedge       19  0.20   -0.03    7   10  -0.50   1.09  0.6874  1.0000
hddmw+hedge       19  0.30    0.00    8    9  -0.32   1.10  0.9811  1.0000
adwin+hedge       19  0.30   -0.00    7   10  -0.31   1.09  0.9434  1.0000
ph+hedge          19  0.46   -0.03    7   11  -0.10   1.25  0.9826  1.0000
kswin+hedge       19  0.29    0.00    9    8  -0.32   1.07  0.9058  1.0000
